6781
6359
7995
4334
5567
4473
4896
1537
5989
180
275
3028
551
1917
3344
7263
4334
515
6700
7248
1619
8894
2767
4790
8534
1815
7327
6827
587
2387
6023
7966
9038
6588
8022
1245
2999
6718
6836
428
7497
315
2128
5412
7476
2732
3092
7979
2538
2757
5482
5195
9487
7876
3752
9954
7385
6021
2038
6230
4807
1397
657
3123
7534
2001
8823
1602
6751
9946
2739
7431
8068
3943
8003
423
6505
1079
5156
3652
5223
1330
8159
5015
8379
7274
909
4985
8422
5443
1366
3918
5053
5692
5495
4942
3969
2298
2946
6657
761
6304
367
5239
9531
2908
7857
1841
6826
5104
5331
7327
6280
7756
2593
7319
3533
7749
5666
3071
1728
3428
9107
4663
8482
5437
4944
1254
3834
9642
1947
6783
4202
5540
6543
5423
8913
9662
7581
662
2714
2270
3333
9152
7554
2712
162
5167
9607
8776
1852
5143
2491
3964
9937
85
6296
2012
6941
7293
7021
5415
8821
4639
1111
8299
1588
5748
6667
4960
5565
7803
1599
4818
5007
859
8984
4522
2614
3300
9662
1496
2574
4934
7372
7870
8931
1405
4356
1804
4260
9208
1072
7603
1893
2212
3218
5928
1396
6474
2988
9832
7107
6066
3484
5394
7348
6387
1359
3542
5875
5800
1767
8168
8205
2864
1767
4992
4574
6145
4043
9985
1544
8266
1716
3235
8591
9092
8625
2144
6786
4645
537
1624
9588
9809
6133
9090
184
1548
107
9919
8171
4961
3428
3324
9995
8008
4255
6916
2358
9799
8287
2575
9789
4072
5247
7676
7031
7443
9078
6614
3186
7368
8902
678
9140
3867
5390
2804
3503
780
6159
4539
659
9649
7179
3417
2094
7267
4777
5695
927
7666
1509
3211
1032
2134
3461
9088
5601
7267
4983
1343
440
4967
7222
2020
8886
3012
1259
223
366
101
559
509
5887
8398
9519
1810
137
1540
7160
389
8812
7062
1890
5369
3179
6791
4201
7060
9536
8377
5366
3565
5641
3000
9501
2151
6928
7840
8992
7748
1000
9051
8976
8904
5235
5643
7363
5788
3649
9105
2673
9610
1826
1719
7672
1052
3293
3088
8944
8028
3609
6298
41
1319
552
3325
3616
979
9540
7539
3361
3225
3425
6132
9830
2225
2306
8220
3261
3626
5016
9771
7111
9058
2933
5482
9325
1416
5599
6581
573
5931
5456
2985
499
4703
6649
8635
4643
9660
6823
8274
2402
210
6078
6738
564
4813
706
8534
7295
9904
3220
9769
8783
3425
1017
8193
4916
210
2423
1401
5493
9671
1368
7018
2871
8057
7585
7669
249
3590
7213
9263
695
7858
9794
5673
2126
158
8837
4459
7631
5475
5897
1053
8269
3163
2002
3714
6752
6317
5256
8833
8508
3907
8263
4961
5163
3113
6307
2256
1223
9540
8089
16
6708
6237
2609
2031
9706
585
8959
7681
4224
2022
4393
5932
19
8324
3459
8240
1239
4653
8870
6849
1349
3010
2575
2194
5602
7780
6211
448
6768
9708
6064
3368
6029
6312
4863
6886
2617
1938
5030
6875
2934
9518
4458
7882
7496
1039
7105
4399
3643
4407
8277
5820
3844
1194
741
3026
672
9421
5878
2296
5064
3553
8086
619
1366
70
9009
9714
2209
8061
9516
3101
9156
7326
9791
2266
3790
7650
7360
8355
9730
910
9546
343
7790
5661
4029
5811
5336
2009
8782
8205
9285
1142
2095
1533
4787
2491
5002
3033
1750
3806
3463
1803
1040
2666
5004
3249
9433
5007
4276
7280
1359
5927
4408
6550
2646
8768
3066
1003
928
4123
369
2627
9128
640
7551
9267
2265
1772
9710
9533
9739
536
6344
2425
4797
5559
6854
2370
2990
9132
2528
2539
6245
6981
7908
4588
2993
4968
242
1373
8059
824
8899
4797
3096
3524
2937
2735
2218
7868
7186
9074
6021
4881
6598
5580
2431
1128
6640
2498
4241
6283
9242
2294
8986
3212
7008
7406
7811
3111
6519
7997
6253
5427
1206
352
870
548
3010
3095
827
5648
1192
5598
6040
7019
3700
1478
8858
9202
5470
7909
1093
9905
8820
9015
705
3105
5890
1184
6927
6370
1534
1119
490
9744
5760
7280
6441
725
1262
2254
9712
4475
6838
7410
7766
6940
6325
6861
4962
1400
9877
3391
8143
8226
5795
6273
6446
7800
7741
6533
7530
9149
1626
4887
6230
8820
3332
2624
8627
8347
3889
3480
6606
3346
4336
229
422
1990
302
6708
2875
9039
8280
419
3554
2322
7258
568
5653
4387
6758
7698
2439
6331
9521
3450
9461
5762
3207
4597
1400
1258
8159
4297
2039
3400
2936
9001
4106
510
8051
3631
9897
3113
8875
9653
2994
7541
1551
4209
3098
6680
8528
6298
8315
4930
4517
8091
9003
4031
5116
1667
2557
1638
7691
4053
7265
7745
5924
4243
6630
7833
9703
2995
7344
6045
6482
8619
6485
7151
2068
1326
5729
555
4271
8354
6569
2533
2571
317
9244
5102
9543
2589
8533
1810
2954
129
3598
9602
4968
9991
8559
4585
1120
9234
1684
3612
818
2055
1356
2995
9902
2373
1726
3935
2519
6798
7046
983
4183
582
3244
2771
924
3416
2037
4196
7040
7055
7588
2350
5526
5320
4505
7363
5344
2497
6953
7837
5614
9342
7182
4855
6320
7976
9941
8648
4653
8338
2517
8622
1228
6474
8159
6483
7456
7207
545
5470
176
4277
4773
473
7972
9243
7223
4539
1084
5669
3107
2625
1738
5539
588
9389
6656
4109
8970
5163
7876
145
411
4108
7952
2075
1033
3873
6501
8959
2892
4054
4928
6822
3047
9832
8821
3763
7965
9844
6392
641
9302
8734
9530
9371
7325
3323
1328
4727
1073
4603
6640
2784
1835
7990
1845
7742
5967
8946
257
4996
6859
7086
3906
5430
2716
7887
4973
8549
7744
5556
3831
5097
3111
5015
7715
5770
7043
2563
8405
8426
4782
7293
6917
7554
4186
9376
5984
8216
8947
153
9720
6762
2961
6267
8987
9722
1578
8656
9953
3637
5796
2638
7327
4897
7368
1681
712
8195
5330
8266
2227
9051
1541
2228
1624
77
6459
1294
8420
3036
6762
3290
4445
3540
4642
1426
5743
9876
2227
1281
2084
2935
8140
6837
498
6846
2958
6335
8878
5387
2927
7076
6398
2076
6442
4836
1724
2754
4499
6692
2215
1646
5464
9834
484
5927
5748
2821
8561
410
8029
1558
9386
2110
6861
1743
6548
8130
2877
6486
663
726
5021
5477
8249
9411
4753
8498
1061
5368
838
2998
6171
7154
82
8076
6001
7414
6968
4953
5447
1518
3899
2482
7223
6335
8538
6846
715
4259
9530
6585
9721
6839
9489
8449
7674
1859
8078
1521
3352
897
9879
9208
4325
9372
4826
7125
3304
3895
6869
2625
803
6294
7760
9529
5376
6061
8120
8919
490
7316
8711
2620
151
6467
5215
3052
8371
5536
9958
3414
5608
2178
4026
5182
9785
7328
3733
1000
4782
459
4716
3107
9786
8085
7634
2368
7048
893
1818
286
3940
8121
4121
8404
7638
8702
298
6314
6168
8526
9211
4724
2777
7438
6100
2523
5563
243
1672
1818
2678
7881
6820
4194
3215
9264
3860
1178
5411
9603
8149
407
3102
9654
3157
7524
8728
6763
4806
878
6111
7025
2722
767
7056
7610
5401
5909
5166
2440
4021
2254
1701
4499
4799
2017
536
3785
8970
9404
8438
7298
6236
7878
2635
2623
3101
5361
5059
3039
9897
1182
2970
1726
1503
2572
2879
4282
3708
9518
6535
9554
6722
7096
189
7102
3713
166
6983
8325
680
3945
9508
8863
500
4927
9089
9464
2375
5694
3147
1198
9588
9276
6062
39
1607
2526
2124
3073
2226
3099
7626
9495
7697
6781
4932
1549
2943
8547
561
4633
9010
6245
6305
7662
8833
4214
1778
8726
293
3855
6162
843
1613
5774
5599
4914
76
1962
9451
6836
1982
7729
2507
4699
3240
7312
5358
3333
6108
8158
8634
4920
2875
7173
5361
5923
2694
9758
1571
1532
1885
7049
2350
3963
9160
3958
5105
3138
9524
1427
4334
3207
3540
3778
4637
4672
8473
4869
7981
714
93
2889
5397
3878
2569
92
6905
7681
7991
3949
4808
190
2161
8639
834
8385
4392
8201
9143
7531
5729
5725
9467
3869
3690
5059
3366
5243
4538
3153
919
1312
1222
761
8840
9271
2655
9615
1580
9884
9641
4085
9845
768
855
3254
4067
5731
2866
4603
2519
385
3177
6237
8677
8300
6849
5176
3960
3505
9038
5415
3247
458
3370
4082
3989
1855
5345
2065
1118
4986
4208
3244
4958
6870
3906
3841
8612
963
8777
9584
5603
8088
9838
1526
7568
4501
880
868
1799
4053
2264
2060
7257
172
1341
920
4017
227
8755
8919
3716
3581
2575
5140
3462
84
9061
7908
7033
5493
290
7996
6672
6181
8950
765
7201
575
6537
6749
8217
8219
5742
1859
6378
9084
8884
1727
2911
8645
233
4787
2289
8537
8938
8722
4786
3519
8230
8420
6358
2830
6513
3651
1313
4523
8403
7205
6155
5292
5104
3382
6032
4599
4787
7921
5045
2972
7507
3755
5189
8843
4568
7308
1209
2820
4294
2426
3574
2826
9352
5636
1295
5074
7256
7608
6955
2078
7819
3650
3618
4784
4138
5810
8498
3389
1498
8217
8014
3424
8989
1439
5285
6696
3618
9939
7680
9744
4487
3440
277
4904
9615
9961
3081
1829
2814
6177
5411
2754
3361
5145
43
1888
1386
1783
2529
3906
4601
9791
553
6302
4103
3761
6820
4640
828
1950
4299
8561
864
6632
5189
6927
1838
8566
6727
7386
3557
3025
5947
4379
7528
4605
3417
784
4117
2311
3457
1448
9587
488
4555
5608
564
9331
2358
8952
3514
5905
4493
2733
8326
374
4904
6435
8555
2895
7550
5734
6033
8171
7319
8861
3862
4851
9328
6052
271
9095
6904
6277
1244
3287
5527
7986
1657
4811
5743
6418
4624
2463
8202
3398
7740
8382
4931
3766
73
5481
6096
1004
3479
3108
2221
6301
8510
1566
5828
6079
1371
4412
5688
7468
3784
8160
8082
4514
2329
9291
5058
1411
4035
5260
6791
8240
3863
4803
6489
5565
4012
4935
7763
465
9051
5377
559
8525
9411
7379
3978
5478
6317
2328
2102
2529
523
2072
1614
8522
9609
2824
8980
7632
6613
397
2790
9200
2346
4379
6880
4141
5176
6478
5403
121
9952
4676
7042
5635
3291
5925
4821
6445
5178
8736
7110
9192
1288
5555
7057
5310
6716
8342
1049
380
763
597
4285
1114
3882
4088
4858
9785
3121
1713
1210
2856
4283
7746
298
1970
9321
5144
2169
6295
9270
7304
3836
7429
6549
4724
8414
4244
5399
6649
2741
4443
1850
4920
9536
18
6619
2576
6748
8005
7483
9349
1478
2833
5951
63
7243
8734
3297
6097
3707
8537
8532
3299
1755
9997
9269
9743
9018
7198
1710
9397
2699
1441
4340
9371
8257
6027
1248
117
3226
2549
8170
2333
3458
3385
8784
2654
5336
6987
4023
8179
8589
7415
2489
3335
585
5219
7260
7096
4327
5056
5540
8910
2065
3859
8830
9538
3830
1418
1405
5548
7656
9565
9794
9709
4146
2915
6820
4917
9142
5406
8319
930
789
5988
264
8519
280
8042
3135
2772
1339
9359
1837
9383
4073
6643
2253
1423
4051
451
6055
7257
6857
8497
839
3946
3883
6180
1084
8903
7481
3001
4589
2115
7175
5797
1478
694
3564
9816
160
8311
7242
8607
4638
9654
7048
903
2147
4184
1050
8985
8945
5728
7074
6950
8957
7447
4704
1696
9855
6775
5957
2962
6901
5098
1205
5597
3494
8442
5387
8225
9492
5060
1974
3236
1835
7342
1665
1650
1414
7537
5169
2193
4512
2037
9799
5807
8296
6424
5141
8170
7166
3515
1709
508
6683
6265
1365
4385
9549
2645
9495
5815
2367
4943
8149
5249
55
1730
8906
5751
7000
2829
7995
6654
40
8716
1724
4672
6476
8546
4495
6247
9392
901
839
4699
7635
7974
7098
6197
4990
2636
3701
575
837
3084
8522
9355
8518
3559
2277
9341
3663
2432
5708
5957
9676
6568
7252
1341
5614
8760
1664
907
6423
2155
9125
4131
5553
3429
6777
6493
3582
147
1449
3214
9946
6944
7306
390
2877
8962
6135
965
1789
7391
9833
682
2001
6687
3509
7818
3680
2543
1566
8489
7271
5279
9756
2120
5017
8025
4933
9372
2737
4654
4775
7559
1155
2719
8903
9669
7216
5845
5572
4196
2872
6909
9109
4593
9450
996
6833
363
39
8266
1773
3302
7573
1398
4479
4831
47
9798
3282
5559
3401
9361
7090
2942
5314
1900
5079
3981
626
4293
6991
7743
9043
6223
4308
749
6700
8122
9069
805
9559
1582
6479
6150
8804
9220
4468
6187
8919
7281
7492
3793
6173
3984
4784
4295
3372
6987
2254
5265
4520
8598
8366
1369
385
9016
3226
5586
9146
6854
876
1626
8885
6094
7178
5276
5625
5437
13
2079
3894
9293
6800
415
1119
8175
4051
9766
6501
9121
4526
1990
4645
4252
3827
9446
3480
1740
8620
214
345
9388
5652
7984
6003
9694
7138
2749
3304
9237
1823
4065
2270
8367
5720
6821
6531
1746
8304
9567
6786
3921
5069
2288
2894
2794
6178
2890
4075
2608
7261
5083
1308
2289
8711
5258
1030
3667
3273
4205
4084
1119
206
6949
8836
7994
1315
7814
5983
4588
9050
4231
37
4783
9470
1362
9222
806
2801
7913
2878
8839
49
8230
9704
1703
9786
2460
4755
976
8309
4031
3634
4881
8557
4909
5052
3506
2546
7016
7956
7171
4647
7745
6340
2496
2981
4306
2546
4995
4883
1271
1829
3046
4189
8906
5504
9939
9841
3322
7580
4618
1273
4856
85
1070
2034
2462
5035
8540
8027
4924
5544
2361
6985
9152
4737
7847
5255
5073
5270
7652
4635
7865
8899
704
7364
9932
1001
888
4031
5689
5287
5156
6393
5180
5857
7385
1471
2077
3811
1611
7489
9449
6015
9715
4293
8090
4578
5017
6967
3574
6916
6447
3134
3889
7022
281
6682
7456
918
7628
9802
6827
1542
1154
4922
4014
3963
1367
601
2157
7785
1796
8
4625
1388
6629
926
4323
1001
4313
5945
2563
4915
1062
5200
7749
9785
7286
2323
9433
9724
4402
7476
4470
879
3129
766
3667
615
973
6755
4386
1122
8170
3125
4504
1588
68
5162
269
8156
2172
5058
9821
6373
1214
4900
2056
2072
6378
5956
7740
1615
4429
2466
4461
5716
5116
5404
4127
6088
3789
7571
5904
688
8481
5066
5236
362
9618
8443
237
1837
7669
6901
263
3358
3531
4448
4206
9359
7402
1152
3725
3234
1971
2551
7908
5611
6112
4021
4645
6355
5084
235
1915
3273
4158
9758
1367
2963
5843
9926
7240
802
9944
3078
6982
9171
5217
8310
876
5602
6777
9515
3616
9065
2230
2313
5887
8791
8056
1631
4218
1083
9902
5920
5703
3247
4548
3986
7638
6594
3485
3423
1921
6686
378
9209
4798
9880
3748
6123
9204
4245
7275
6922
6552
6857
3499
874
5283
4971
3000
4189
1025
7125
9399
3926
3673
616
5864
7356
3236
2492
9955
5994
5420
3412
7438
3715
5570
9680
7128
1762
5548
6060
3285
4528
585
182
4567
3023
4194
7757
341
9683
9007
8245
5946
9248
9683
5862
3693
2511
1414
4548
569
9754
3533
